   14       15
  _0_      _7_
1|   |2  8|   |9
 |_3_|    |10_|
4|   |6 11|   |13
 |_5_|    |12_|


__!_0_1_2_3_4_5_6__!__7_8_9_0_1_2_3__!__14_15______
00! 1 1 1 0 1 1 1     1 1 1 0 1 1 1     0  0  61404
01! 1 1 1 0 1 1 1     0 0 1 0 0 0 1     0  0  60996
02! 1 1 1 0 1 1 1     1 0 1 1 1 1 0     0  0  61304
03! 1 1 1 0 1 1 1     1 0 1 1 0 1 1     0  0  61292
04! 1 1 1 0 1 1 1     0 1 1 1 0 0 1     0  0  61156
05! 1 1 1 0 1 1 1     1 1 0 1 0 1 1     0  0  61356
06! 1 1 1 0 1 1 1     1 1 0 1 1 1 1     0  0  61372
07! 1 1 1 0 1 1 1     1 0 1 0 0 0 1     0  0  61252
08! 1 1 1 0 1 1 1     1 1 1 1 1 1 1     0  0  61436
09! 1 1 1 0 1 1 1     1 1 1 1 0 1 1     0  0  61420
10! 0 0 1 0 0 0 1     1 1 1 0 1 1 1     0  0  9180
11! 0 0 1 0 0 0 1     0 0 1 0 0 0 1     0  0  8772
12! 0 0 1 0 0 0 1     1 0 1 1 1 1 0     0  0  9080
13! 0 0 1 0 0 0 1     1 0 1 1 0 1 1     0  0  9068
14! 0 0 1 0 0 0 1     0 1 1 1 0 0 1     0  0  8932
15! 0 0 1 0 0 0 1     1 1 0 1 0 1 1     0  0  9132
16! 0 0 1 0 0 0 1     1 1 0 1 1 1 1     0  0  9148
17! 0 0 1 0 0 0 1     1 0 1 0 0 0 1     0  0  9028
18! 0 0 1 0 0 0 1     1 1 1 1 1 1 1     0  0  9212
19! 0 0 1 0 0 0 1     1 1 1 1 0 1 1     0  0  9196
20! 1 0 1 1 1 1 0     1 1 1 0 1 1 1     0  0  48604
21! 1 0 1 1 1 1 0     0 0 1 0 0 0 1     0  0  48196
22! 1 0 1 1 1 1 0     1 0 1 1 1 1 0     0  0  48504
23! 1 0 1 1 1 1 0     1 0 1 1 0 1 1     0  0  48492
24! 1 0 1 1 1 1 0     0 1 1 1 0 0 1     0  0  48356
25! 1 0 1 1 1 1 0     1 1 0 1 0 1 1     0  0  48556
26! 1 0 1 1 1 1 0     1 1 0 1 1 1 1     0  0  48572
27! 1 0 1 1 1 1 0     1 0 1 0 0 0 1     0  0	48452
28! 1 0 1 1 1 1 0     1 1 1 1 1 1 1     0  0	48636
29! 1 0 1 1 1 1 0     1 1 1 1 0 1 1     0  0	48620
30! 1 0 1 1 0 1 1     1 1 1 0 1 1 1     0  0	47068
31! 1 0 1 1 0 1 1     0 0 1 0 0 0 1     0  0	46660
32! 1 0 1 1 0 1 1     1 0 1 1 1 1 0     0  0	46968
33! 1 0 1 1 0 1 1     1 0 1 1 0 1 1     0  0	46956
34! 1 0 1 1 0 1 1     0 1 1 1 0 0 1     0  0	46820
35! 1 0 1 1 0 1 1     1 1 0 1 0 1 1     0  0	47020
36! 1 0 1 1 0 1 1     1 1 0 1 1 1 1     0  0	47036
37! 1 0 1 1 0 1 1     1 0 1 0 0 0 1     0  0	46916
38! 1 0 1 1 0 1 1     1 1 1 1 1 1 1     0  0	47100
39! 1 0 1 1 0 1 1     1 1 1 1 0 1 1     0  0	47084
40! 0 1 1 1 0 0 1     1 1 1 0 1 1 1     0  0	29660
41! 0 1 1 1 0 0 1     0 0 1 0 0 0 1     0  0	29252
42! 0 1 1 1 0 0 1     1 0 1 1 1 1 0     0  0	29560
43! 0 1 1 1 0 0 1     1 0 1 1 0 1 1     0  0	29548
44! 0 1 1 1 0 0 1     0 1 1 1 0 0 1     0  0	29412
45! 0 1 1 1 0 0 1     1 1 0 1 0 1 1     0  0	29612
46! 0 1 1 1 0 0 1     1 1 0 1 1 1 1     0  0	29628
47! 0 1 1 1 0 0 1     1 0 1 0 0 0 1     0  0	29508
48! 0 1 1 1 0 0 1     1 1 1 1 1 1 1     0  0	29692
49! 0 1 1 1 0 0 1     1 1 1 1 0 1 1     0  0	29676
50! 1 1 0 1 0 1 1     1 1 1 0 1 1 1     0  0	55260
51! 1 1 0 1 0 1 1     0 0 1 0 0 0 1     0  0	54852
52! 1 1 0 1 0 1 1     1 0 1 1 1 1 0     0  0	55160
53! 1 1 0 1 0 1 1     1 0 1 1 0 1 1     0  0	55148
54! 1 1 0 1 0 1 1     0 1 1 1 0 0 1     0  0	55012
55! 1 1 0 1 0 1 1     1 1 0 1 0 1 1     0  0	55212
56! 1 1 0 1 0 1 1     1 1 0 1 1 1 1     0  0	55228
57! 1 1 0 1 0 1 1     1 0 1 0 0 0 1     0  0	55108
58! 1 1 0 1 0 1 1     1 1 1 1 1 1 1     0  0	55292
59! 1 1 0 1 0 1 1     1 1 1 1 0 1 1     0  0	55276
60! 1 1 0 1 1 1 1     1 1 1 0 1 1 1     0  0	57308
61! 1 1 0 1 1 1 1     0 0 1 0 0 0 1     0  0	56900
62! 1 1 0 1 1 1 1     1 0 1 1 1 1 0     0  0	57208
63! 1 1 0 1 1 1 1     1 0 1 1 0 1 1     0  0	57196
64! 1 1 0 1 1 1 1     0 1 1 1 0 0 1     0  0	57060
65! 1 1 0 1 1 1 1     1 1 0 1 0 1 1     0  0	57260
66! 1 1 0 1 1 1 1     1 1 0 1 1 1 1     0  0	57276
67! 1 1 0 1 1 1 1     1 0 1 0 0 0 1     0  0	57156
68! 1 1 0 1 1 1 1     1 1 1 1 1 1 1     0  0	57340
69! 1 1 0 1 1 1 1     1 1 1 1 0 1 1     0  0	57324
70! 1 0 1 0 0 0 1     1 1 1 0 1 1 1     0  0	41948
71! 1 0 1 0 0 0 1     0 0 1 0 0 0 1     0  0	41540
72! 1 0 1 0 0 0 1     1 0 1 1 1 1 0     0  0	41848
73! 1 0 1 0 0 0 1     1 0 1 1 0 1 1     0  0	41836
74! 1 0 1 0 0 0 1     0 1 1 1 0 0 1     0  0	41700
75! 1 0 1 0 0 0 1     1 1 0 1 0 1 1     0  0	41900
76! 1 0 1 0 0 0 1     1 1 0 1 1 1 1     0  0	41916
77! 1 0 1 0 0 0 1     1 0 1 0 0 0 1     0  0	41796
78! 1 0 1 0 0 0 1     1 1 1 1 1 1 1     0  0	41980
79! 1 0 1 0 0 0 1     1 1 1 1 0 1 1     0  0	41964
80! 1 1 1 1 1 1 1     1 1 1 0 1 1 1     0  0	65500
81! 1 1 1 1 1 1 1     0 0 1 0 0 0 1     0  0	65092
82! 1 1 1 1 1 1 1     1 0 1 1 1 1 0     0  0	65400
83! 1 1 1 1 1 1 1     1 0 1 1 0 1 1     0  0	65388
84! 1 1 1 1 1 1 1     0 1 1 1 0 0 1     0  0	65252
85! 1 1 1 1 1 1 1     1 1 0 1 0 1 1     0  0	65452
86! 1 1 1 1 1 1 1     1 1 0 1 1 1 1     0  0	65468
87! 1 1 1 1 1 1 1     1 0 1 0 0 0 1     0  0	65348
88! 1 1 1 1 1 1 1     1 1 1 1 1 1 1     0  0	65532
89! 1 1 1 1 1 1 1     1 1 1 1 0 1 1     0  0	65516
90! 1 1 1 1 0 1 1     1 1 1 0 1 1 1     0  0	63452
91! 1 1 1 1 0 1 1     0 0 1 0 0 0 1     0  0	63044
92! 1 1 1 1 0 1 1     1 0 1 1 1 1 0     0  0	63352
93! 1 1 1 1 0 1 1     1 0 1 1 0 1 1     0  0	63340
94! 1 1 1 1 0 1 1     0 1 1 1 0 0 1     0  0	63204
95! 1 1 1 1 0 1 1     1 1 0 1 0 1 1     0  0	63404
96! 1 1 1 1 0 1 1     1 1 0 1 1 1 1     0  0	63420
97! 1 1 1 1 0 1 1     1 0 1 0 0 0 1     0  0	63300
98! 1 1 1 1 0 1 1     1 1 1 1 1 1 1     0  0	63484
99! 1 1 1 1 0 1 1     1 1 1 1 0 1 1     0  0	63468
